372.61339636335214 36.66204719500342 259.1601051020786 512.0155088000079 131.9262506282074 
241.94398133977134 295.0034086842709 266.8860051161572 515.2553577125608 316.3680078194133 
200.22772667669614 321.084720422976 250.433988229086 275.5615359880919 474.1223668603977 
444.4834488169006 267.27596429273405 404.79890360643196 394.99759349920004 333.47989166830126 
162.57863308872425 287.3436258000007 235.45001678963388 576.6140149005793 456.86175636151603 
507.9249019287294 420.5358399552845 165.24060506545686 482.68592490401403 508.6921576433852 
143.69542666090567 301.60182495989625 494.39434181954965 24.991383758983716 505.2732348021069 
406.64323201878847 539.121713275993 278.3070000474208 588.476601697697 579.9174044456724 
178.91396982513172 53.71300110886584 237.6172881596923 313.91852655691343 303.80252571423404 
539.1770811317556 53.47947657444648 215.1920380684686 25.67696466582024 554.0615975189434 
70.65801871119999 434.56282844077015 392.7997388531549 544.1650210160111 531.7105792176762 
458.825924548661 414.8067740178327 270.6477189082533 522.9675643963349 266.2431930250499 
438.03762557149804 470.18566080781324 586.8434598691707 598.190108363231 461.0389221658795 
313.69601429688373 575.4934264915313 249.2960589527054 330.0850589679121 40.9782154781065 
360.65887200015806 428.42212143404214 504.55955078869897 298.6143073544959 364.54561976815836 
592.8198962470224 432.04108329900697 58.47230543360591 226.5787453096313 307.81538393143677 
122.9378736457238 544.1564058300104 70.87739345262112 234.36136541467644 464.5140970700258 
542.7476119765303 589.2938122260082 296.802332900714 364.1522188294487 429.1787516804712 
104.85984932378621 433.1954301242648 361.6948583845084 580.5874114614744 130.4851069592013 
480.53139047019846 300.70997597823344 407.99072861480414 487.75022895996705 97.19911500627272 
398.52325443841477 182.62570651747356 600.6391091153306 375.0375704752218 204.86117575829076 
184.298756692572 329.053964012783 543.3190113924898 288.9488038662733 249.08829855208154 
456.9566793955753 117.00688890090802 244.90585807705153 543.7441426852886 99.98052974102909 
191.63258910940377 555.2848695876088 344.1273947357648 447.35575608672497 137.13450214784098 
402.5952245575594 145.03464596715529 402.99295428305885 493.00322938895243 468.65671179375516 
578.7501562683117 440.56780787308446 217.07667593862345 111.62649927797291 169.66987169393053 
537.4511669519638 590.3289476041961 60.543170968678965 102.34088841391683 402.3279848552004 
29.99637475895867 317.23154695000574 330.2602990449515 161.3490469727517 213.38498017349588 
505.41220893157913 302.7769840636493 417.65908847481745 264.70266405823025 456.85923512526205 
337.4401903974688 149.14521289465512 307.2600702303095 174.4501424983758 415.13868788053117 
