42.571716359888704 172.52631742129037 368.7793002548737 441.79009733447793 390.64318666543875 
183.28064899480017 490.82893550105257 295.9436467116708 406.91472086994344 231.5721079613982 
432.6732873777798 167.11404791303573 130.4703012217368 94.35426589892137 52.96358163488112 
135.94544092777238 504.0253493078359 311.3145755914333 291.17353979900207 31.146642704993447 
234.78612176353002 294.9478555783076 402.985707299726 402.61703855245486 135.320135047706 
468.0041433212955 403.22790746029295 140.1108581599013 430.76561776955737 195.88894760585512 
265.18783939634034 67.51788642107863 143.7082516852941 406.5939475568277 50.13393658628417 
467.8387952015607 293.0532482792751 415.7364333803477 265.8707090477273 118.93309779766885 
268.2209363665012 99.28540582691302 378.15660765241705 45.11802771763167 364.9939635102462 
181.5526704656957 23.812562733624247 314.69629510148786 94.34418610892752 31.026862391469336 
99.34931374956045 338.49100378442927 500.5674813311514 481.6286815748806 23.941670980836207 
249.46566369363526 350.0544924231006 321.9653750602782 100.57785210260828 68.50765236381106 
177.02555174307145 220.16254878144164 24.211941477161204 486.45304163503005 297.557744618552 
476.85160969503397 210.74767088692607 217.4310427352538 28.232451512908142 123.89079806754005 
245.6816403341976 503.6061683503557 470.73125336597064 11.397920625711091 376.2340919458742 
476.3961972459572 348.70856367262377 150.67309085827384 95.79528482896876 204.2440884726771 
508.2688833395597 205.58941954086146 494.5157813555988 382.02203875252246 318.3770456095877 
150.02987609024774 174.86857723920468 242.14564008821404 332.5293135660511 233.94835695209997 
156.01129274844814 392.47646902891756 198.0137012320313 25.63325240884661 315.77655486092425 
411.09106090888395 424.0874515574071 422.7514474290375 44.11869457088312 152.99451481079112 
245.39990447270748 149.75096971369743 406.84481092199655 348.85676080138796 441.9889155455344 
384.2004552543372 243.45843401278594 200.84967931187848 102.17871196649635 279.64346201890123 
247.943864622778 305.6631973429042 439.7077077535883 277.54582070676565 206.31923271719964 
359.77839117907985 401.4140121650551 225.91412396958148 189.78662442447023 227.07587302984183 
426.80698557161224 447.1634722585622 127.30710740275585 73.85750245743749 345.8529083288972 
22.81263357436374 306.42903771745625 401.3594653155241 26.302912010058236 187.584694301964 
476.19758617930734 430.835055357139 506.89116030825784 350.4913993848822 350.9737741327133 
421.2850559491902 477.7316934646094 385.47919569121024 438.9909752704422 124.91403842577458 
94.24172609093789 459.21521035341004 244.47714738726748 210.3905378474105 235.91976381410944 
288.5912412642829 17.17080652804225 108.98936681913656 446.3065335022874 345.5238983788079 
