157.92045146236742 147.7757751167827 436.96760453895087 138.6664728974305 528.0287524879589 
239.23639534687445 151.92036436481817 265.9456224584145 245.23603262029314 166.0532775324153 
304.5938675904475 311.4871175043886 162.19473708452796 54.73390771202147 208.74967186107935 
158.80480212863344 232.7644925093817 363.13508058285953 141.849472846403 440.83191388784036 
472.15126388960635 439.9887219258441 576.184371071882 182.8393002691661 107.26884664068047 
321.32962913739567 290.46070930107555 116.2398672331153 85.29125462903467 619.2938120092662 
104.81114081751684 293.7479252099521 458.36469246604474 308.75617177729686 532.1997700038165 
586.3624488496903 512.4480261066245 167.27628551723592 389.19013732526156 192.64261639002493 
58.25041768891324 573.8210652009172 559.0446353057224 240.7446851753878 452.2348196088188 
521.7330182577937 450.12431982811677 513.6888597641346 465.6562128129816 51.41285660338331 
42.55772569898507 78.32482917743525 269.60318148590835 58.18520333136577 166.14744964375083 
348.4648308925518 554.0117493479753 180.81613061984038 402.4833376599856 262.65292260442243 
148.62006526970248 426.15142556997876 154.2308923737567 407.03924336231495 463.8327337788951 
335.3440180142453 174.56380438160357 63.828012160693945 619.4636597980015 447.13970394087994 
199.7091740493873 115.76799641723196 279.32600202260693 163.68956727937842 477.574394805786 
287.1542028874585 359.63801934179344 74.35812193495507 135.42422416854515 351.80956368211093 
329.2136326990525 142.9957779824007 479.57697330811897 88.51536546633422 569.4063839764668 
314.1443186311921 470.0884442048258 114.35910062947681 411.7755740677144 43.644425496057806 
563.3924334454451 476.4686449668236 21.443310896442853 609.1136213901223 65.86650771129811 
32.60133784399919 44.111182490340255 405.76367264518234 291.291847652001 401.05678444876503 
284.70547809243135 583.0260481640039 165.17586072658378 410.3822198514966 35.619399728676164 
127.45430286560591 468.90637311720667 129.3390354319934 422.5213347348931 447.37196931737685 
66.70603424194516 107.59929398286519 285.69774342079546 64.73487438882005 608.3559093747614 
207.64099945003392 64.89942392012478 369.67655859808985 350.6566659113691 158.3108090397973 
105.6600436807972 343.20549593904644 490.59653889548247 510.5230385896121 355.0554805969777 
303.52299302566485 153.19431594126482 425.5636086989074 164.87291241082895 81.43038040490947 
126.98665680657278 276.46765287698366 70.15829126316584 580.2943704045606 190.12795646037114 
392.93977048043496 361.11095873647986 426.0392077781486 220.0719104367221 30.2853551245067 
416.29426625733066 562.6344562210445 429.803290832065 192.82200369256816 515.1307639765887 
398.547158778572 423.58883692833285 292.23953944612424 197.6508542869658 459.62704981729905 
