402.2902887041588 16.89497313117471 464.60143966367775 65.34016945776006 52.232678406405824 
308.68805460843674 346.4803301490256 254.25672656400533 206.66919373190362 16.222623769540583 
404.96537908945555 169.84605257274686 64.02274997014123 343.29742429122877 460.38113537342826 
484.6606551176516 487.8820261097412 349.60005538160465 284.8401750725326 191.2124111438372 
316.3071179194357 397.7460285891289 68.48543036578818 416.15344157174087 456.1999357016238 
219.85530313228628 66.30504747857307 327.6271074955011 460.0048525383256 457.1817166284297 
435.2852654861531 301.804806496004 407.0053491305699 151.3110875908245 396.66723437752734 
139.6242495113913 36.482254183288475 290.4434550011757 483.0729997339534 249.7446845036355 
204.99908429288516 139.27523505194944 255.26674750651344 338.73481069391306 365.08036168632475 
205.99687584977138 498.3164282136642 274.50905449634814 387.54817907562165 324.92155548092524 
31.92184286726112 414.0276566249245 174.78303526289355 458.26064206597374 394.67451483896724 
311.27639424003934 137.17422938631296 445.56151708388114 287.0150760729579 346.5413913347886 
230.0256549028966 54.32334275691729 282.6538159570881 442.9947629963596 373.1824860894319 
310.3064753595613 443.2199759721112 161.6066845783617 200.6444826734823 211.05104936333063 
95.90541980466581 90.39947123198992 212.43146870570334 51.12050506126741 158.8683477252955 
69.05932961236593 25.96661815315653 212.585469100011 24.16259923554042 414.92143053788607 
49.2432411605928 399.2638834977673 132.9582388623994 441.3438563855045 23.040573074230842 
418.23274414732924 502.81905478587777 184.48611297797257 504.45433840610104 237.1272437996225 
91.80247518811301 379.5078007241555 489.007528503543 170.7428928684763 509.14775925250376 
352.20309379025616 493.6072731353473 175.4562230622894 207.31782986559193 117.08658853545211 
47.61313672571015 354.97979246961194 415.1605192684465 97.94627057261512 164.28270827162015 
405.9668996639277 196.9548741070719 11.87905365420049 489.85999821407313 356.9819303456243 
147.1080340835586 82.82470307390993 452.57222445137774 79.3517105588221 355.26838653685314 
375.613585608345 358.8007578099798 173.41363726414832 401.620656441187 166.54403261222245 
508.69170857823207 458.6761204926089 267.12840690833286 391.50485142362623 28.471838736856593 
421.4070445317106 168.48979222095383 337.6585817030616 241.73542677785107 98.16579354485621 
452.57194535095476 369.70124420433433 26.967728767392554 498.79456770161624 310.0898606165536 
106.71404076527784 233.57062156629522 297.38448679112736 193.2952465642398 90.62282379686842 
353.6560159842223 144.7321664180271 447.4409601348869 112.28079033346016 271.87282322159496 
80.80251334762416 290.78678404754 486.19005128461646 40.53290218791443 150.71307119713717 
