423.3035410581577 350.73742671960764 416.9076428410226 511.72752689114236 226.51739969978343 
268.83181726922896 336.8728721490986 345.1976645003598 105.83211047628015 60.44632233558241 
536.7636700686144 332.07787739261465 384.22489750620053 510.56203031038723 522.7788047325619 
263.4163007864694 571.8875466655392 446.03402823462284 101.65660218717576 188.23565077892863 
544.7899427721665 485.4775224009954 209.45210440907752 612.3634987787754 325.8192208798902 
273.5656062332321 65.93679111829658 373.4708581976761 552.088366793387 20.832316652086938 
613.2145004503227 88.41332028285332 462.00808626902625 520.0750157637692 347.1475255319907 
618.9678874453022 585.7154516773982 160.4493412196715 400.18644602842846 552.0597364970025 
72.45337358033464 210.35107053714682 484.1975688878586 440.5724043679254 338.49444623136947 
390.17815614125635 451.8816312287996 100.83524873667652 469.2029596425712 506.0669947852911 
185.37755465983693 612.8818773112495 558.8288999179448 65.6965323268121 270.64514090497505 
619.5733758419917 521.6275561527475 547.2539054187951 66.2200822823419 70.67993472593946 
57.8986673576273 142.6556636571138 124.9355300667774 108.01486074681661 208.53864277030812 
346.11785800154723 477.2035540509427 537.7144262883597 481.6997666619889 109.16920441443735 
234.45049046632207 85.75760962048743 85.15010428546421 233.2007739370698 521.2998200327897 
582.8192367105064 547.9278189064561 20.646020286901194 295.0963542510457 174.55040381528556 
564.8836836203911 155.88507452297998 561.3655013466946 403.3799014129647 447.70548448506787 
136.96672000167928 243.80132292504484 557.9303622679346 116.01814784527849 329.2421246915868 
117.3771393343595 236.14290336148787 512.1533554350569 262.0038915911633 163.17246185185985 
618.2040783591946 473.18218956097417 539.2242673895541 453.50999627916826 495.36872706311675 
443.80487146549194 285.48614611008594 225.9964200655694 50.77265921932168 563.691094940661 
198.20078387275592 155.06071777891228 338.32875465846206 612.8647992441042 427.2058481042 
379.58388880123994 355.8003769067462 448.72719184161065 52.83753404716525 195.21364666608 
358.14575824098694 318.3115833963311 283.57067141131245 69.95791944413637 407.22711474425614 
579.3640109317909 444.3202992075178 191.65096281929291 103.9782879166312 513.8432965253309 
576.4988148917832 105.88577456226363 199.12460434233432 267.43418218306505 20.92197469524622 
553.0065192257892 328.5487365567077 498.6675235290915 104.65806137277345 362.7547903495131 
469.3963415509422 471.24111590481965 602.9134113100092 615.1634592315711 63.015130417902235 
273.13489858269025 197.04851440335133 226.29178109283674 300.82129309845857 396.114454906971 
499.81808875909763 267.3955836867783 219.1867573880864 459.2163350188372 168.92911563847005 
