473.6220072753865 123.65720429942388 305.20223161443346 396.4650595742412 461.1451686734718 
268.5551413399365 191.74268670062233 67.91685141323876 320.7708032611384 112.29728831384504 
110.55815448312944 173.05151422501098 466.5896741238165 83.04010576506865 195.28380019051406 
304.0189018072147 298.6011055179476 234.29788495504943 74.78665903437842 268.4033645692498 
95.81801662059696 117.05927868488557 449.0253058619193 158.01087066606033 462.8693182068955 
116.0457413492491 485.0081903536542 164.0244686677365 144.55260019327352 95.814901620616 
409.8040993521198 46.73137313979558 147.7905837394795 327.41203458601336 302.557695679929 
293.0246136449621 235.444075857543 291.27277221881064 212.46333798795192 119.8825546183601 
481.4348741436414 77.08011842492118 354.65024647600524 107.02926760512965 201.63152721909415 
226.27902302994045 260.93220785094684 366.97895527896145 199.95123085837966 487.951428209685 
387.3748433863657 285.66753911572255 394.1307989180117 83.75512741233558 305.63371913044034 
491.87450955782987 10.62012687991242 202.62945085748657 230.01625879622145 338.63819152173613 
163.05091203447307 70.97091276933797 257.22068995213783 304.86760231528257 253.73402203990852 
68.98191266042923 320.70511443214207 350.35382757457415 262.6385925327719 488.8957785600532 
486.6398255498757 382.38434188158135 113.30585437075418 155.78100235987995 343.39600401446415 
117.16313634219044 430.1509909747624 256.6280408526054 361.5239337587729 244.23989724668016 
126.60593321914392 348.42173007654065 226.17378389605713 427.1513551373782 388.5564929198885 
140.90233263937913 268.9122507527403 298.4779552732178 242.52669394090208 274.7185152285056 
250.88796835751148 232.51881607904588 23.063616286506264 440.6752275523128 374.2989403562836 
303.78836126269096 178.77574258541895 310.77973894169406 24.115210932298282 464.5375437588689 
481.47807390559575 376.78888208727574 367.0096216442766 99.5028199402273 327.8969558764131 
416.96056270117145 59.450054301124254 241.0861163548612 448.3879677392508 436.7128937779157 
441.9061297206734 353.16874999021604 462.11975197301894 53.89377109949133 221.1235799517427 
216.7625480480001 343.17711103865514 424.3642598349775 267.41931968635265 75.70125861518372 
487.03640907661986 428.5987914189586 278.9504232655082 325.5753380282241 191.86639275986883 
465.00538037173743 189.91006653299658 154.1132770961084 494.1076069720708 320.6688416190412 
324.60369581996787 166.21261530928948 422.78343383187433 215.2203409088439 424.3583156766831 
151.82372696901118 361.99603131582745 238.53618810247843 299.21823586529285 279.8894724847417 
336.06016647314345 27.969172410048362 481.38031451635237 126.54393660995387 156.72809655033637 
155.8154871830541 382.32178836848846 70.77332078693925 496.9586904593031 322.7203235421165 
