302.0385296104778 229.23172584732944 479.55754012516195 454.16393871486656 395.23166215603385 
603.5814039366383 116.6464573309 84.62454106638027 84.2397012413904 354.41068353607193 
146.35566108196463 344.25460783321427 45.40853714050986 376.6210186352451 573.8988556036855 
145.01786489229545 370.3940707476784 550.2812995076575 170.7014528010825 603.695600937142 
68.32882681431022 218.13307184664976 170.94581486569098 112.89170441878667 365.9254195572093 
256.15006351350394 128.16285642598115 460.951336736444 417.23598835936775 336.3706633206372 
118.58875851147016 575.0118335742751 584.7859814417226 131.22200744870122 228.00562930207036 
211.40477720294473 403.8012487647563 158.55465319665998 408.7847879368508 67.62781823127946 
91.24721989936931 516.6063302607729 343.8513677729553 540.1051493935877 211.39872132420697 
108.11368218632767 304.2891254752277 301.9552411503871 259.65939217315304 302.7907608793007 
537.3041478569394 224.98462098869595 76.34933782679039 337.3928783677535 471.2661059237064 
320.1266057129731 352.17977026516945 102.58471728094064 374.5460207322408 320.5434780402202 
437.1334757413592 315.83138023186063 454.8690519352255 281.6110302013756 214.46971117162616 
429.53110522763933 335.90125127221455 122.00424749446124 351.5723832127634 173.60851951845578 
197.7888678737695 180.10265663060594 189.36033941017718 581.786975725119 218.36918787187133 
209.93448285732188 481.97826328903966 500.7589007705324 501.7713297809273 390.87786800890825 
348.48720393779047 331.4728579173488 231.1260720197285 275.3383605235819 148.2732632487331 
301.75605127137453 332.10321003459904 148.62115756497744 541.8934221911779 519.4909328198921 
283.995425516778 425.21689454521857 149.07702481152938 605.56496769989 265.0671160004427 
255.71983322611644 365.60178957706023 455.81184672645304 168.88729697451615 268.5970514707182 
250.76313050832306 231.1633493978015 378.3650203243204 121.02748135141223 547.1554744326589 
225.2303118101181 334.206211129844 283.0295372676132 44.48427186713666 208.53155848182988 
84.51065720933012 229.09606902052388 49.127624791842834 398.589534152429 552.227861209973 
361.55535914625574 471.1660902410584 355.11139173748865 207.19056563035218 139.87695756933292 
590.5995606215008 49.47427697530587 379.4446024618637 40.14111311099762 314.4698646217843 
307.73357041717475 400.5939538296981 118.89050997772269 286.6078689228738 576.3727781228919 
509.87963508749107 105.58305535330359 561.7238899765729 510.01396135359903 611.711255453758 
97.86454691934259 105.56009324380918 30.307275924158233 521.3699615215521 483.87987255018027 
132.82363104523 455.21856068099765 285.6014801486599 465.84153077395274 44.61932605597323 
447.93346977170086 514.8181046405728 109.07427176732585 77.10061136399007 484.5972625158634 
