263.0700456547396 403.12770284605205 187.05993878657006 168.80919166439733 276.4274581790841 
426.7606602179726 311.0262391793626 412.991307113996 245.14350079531877 11.889085310373574 
192.66635836032395 181.2437622938458 83.75920733739005 319.6933013505471 453.4558253677462 
415.17085432402916 317.19833113813667 96.62102037072911 286.1095188252141 448.0705143678467 
475.66336646900265 134.07971968157636 365.4231915750523 28.667914525637652 74.64509182016297 
135.9966465612698 28.798749456580556 140.41183303596955 205.43630871177032 425.8867267105522 
64.34402590643262 360.4743597396322 386.5403025780636 50.069235031939655 69.43761710690576 
127.5946895372883 451.36472549207963 458.67374642728413 467.6494709308245 412.9073809052494 
372.5914980532248 71.07602773154002 396.9078055847556 412.8959948382941 48.61340412841541 
157.40446670800873 306.8029059127345 508.6125248116085 202.42786028504332 92.75771039878538 
227.91866756027696 360.3033654927031 168.3787012445414 165.77408267864962 301.082209718126 
131.58236118054683 467.1364371177713 248.1934719325755 279.4224005684756 462.2916407245777 
194.30761140946151 257.0522177269088 341.1278135935079 434.19079107670393 373.0640396531749 
466.15175072432356 175.79479868150216 398.6150278001796 46.18239747655005 348.44144393208916 
432.2562495202877 160.24299291956433 507.88478522139354 255.95651521543627 240.78169533394393 
136.11480490804095 200.87100986455928 368.9513832861998 147.539399035358 234.0409427675237 
428.93314803425795 470.86926121917185 424.2109892677055 319.5426821300903 160.54294087792513 
230.7885424432447 340.64932703391577 265.46460200623574 323.8027894672601 299.9866030722953 
113.47027967350891 203.39983167970487 118.15083816662752 154.26167610572827 368.4687787856107 
221.0687314630479 493.2108885734016 238.65343253949953 79.75020366127127 374.79147192268925 
70.17767988521976 96.20279453237845 73.46724703176626 11.19530587049088 406.1281851704678 
287.39179820749393 309.0533009707164 17.297090862858457 126.64960468328411 31.903848694698414 
275.84270229592914 243.10157710759933 77.17457531424564 129.34533028011668 467.9685810108635 
465.8563500704175 268.41433319737797 340.5689254442843 25.428960330717057 390.10373033970643 
16.280374641682574 36.23937096195367 254.21166184323272 302.6705535691391 301.68525927556806 
44.282261890003554 363.36866807451145 126.73619638664934 500.61321605637625 252.8566278912393 
381.93058169160696 244.11974501227388 259.85112525287514 150.49165057664996 343.5518373374807 
79.92660169293235 418.7705482287803 110.02852571068321 451.7771749449288 68.69548902654842 
502.55135950872506 348.00765642287803 63.82013855848095 246.186262767592 437.2377460869983 
116.14219989686858 455.7441281373338 335.9492063390894 262.01699807531077 306.5183362193233 
